5.461904761904762
0, 1, 160, 76, 190, 41, 70, 147, 83
0, 2, 195, 189, 33, 87, 184, 139
0, 3, 71, 156, 108, 31, 126, 29, 42
0, 4, 136, 192, 137, 169, 119, 185, 151, 54
0, 5, 84, 197, 161, 60, 103, 128
0, 6, 81, 132, 145, 198, 124, 53, 168
0, 7, 105, 62, 199, 68, 44, 34, 74
0, 8, 120, 94, 65, 123, 179, 142, 117
0, 9, 59, 77, 150, 187, 159, 144
0, 10, 79, 158, 196, 152, 138, 92, 50, 86
0, 11, 13, 148, 181, 78, 107, 89, 88
0, 12, 110, 91, 113, 30, 118, 46, 154, 69
0, 14, 64, 133, 134, 153, 36, 146, 98
0, 15, 48, 164, 85, 177, 127, 66, 176
0, 16, 24, 93, 111, 131, 55, 43, 106
0, 17, 37, 157, 174, 75, 180, 130, 172, 47
0, 18, 63, 125, 183, 115, 167, 170, 45, 96, 80
0, 19, 140, 193, 143, 173, 121, 38
0, 20, 82, 57, 90, 109, 100, 178, 101
0, 21, 49, 40, 116, 99, 122
0, 22, 155, 39, 129, 67, 175
0, 23, 95, 165, 182, 28, 149, 188, 141
0, 25, 51, 135, 104, 73, 162, 58, 186, 171
0, 26, 72, 35, 166, 163, 114, 52, 102
0, 27, 194, 112, 32, 191, 200, 56, 61, 97
