16.271428571428572
0,1,50,65,101,130,150,165,183
0,2,46,74,77,96,120,146,179
0,3,34,72,104,123,145,162,194
0,4,40,80,103,138,163,175,198
0,5,49,59,70,98,106,140,166,195
0,6,36,62,91,107,131,178
0,7,33,73,99,105,126,153,169
0,8,47,78,115,143,167,193
0,9,39,61,90,100,108,119,133,159,177,187
0,10,51,75,85,102,127,154,173
0,11,48,82,111,142,156,184
0,12,30,41,69,93,125,151,164
0,13,38,79,94,141,158,196,199
0,14,29,60,88,117,135,155,180,200
0,15,43,57,95,124,148,181,189
0,16,52,87,122,160,192
0,17,27,44,76,112,137,171,188
0,18,31,56,64,86,116,149,174,185
0,19,28,55,71,110,129,168
0,20,32,58,84,114,147,170,191
0,21,37,53,67,97,144,161,197
0,22,35,81,118,136,157,190
0,23,42,68,89,128,139,176,186
0,24,54,92,113,134,152,182
0,25,26,45,63,66,83,109,121,132,172
