4.788095238095238
0, 100, 90, 57, 70, 41, 169, 152, 196
0, 36, 37, 17, 134, 133, 14, 49, 195, 2
0, 144, 154, 69, 106, 139, 74, 110, 130, 174
0, 19, 31, 193, 108, 3, 71, 156, 11
0, 114, 86, 52, 171, 47, 80, 105, 7
0, 172, 45, 170, 167, 151, 163, 178, 140
0, 157, 21, 59, 189, 33, 87, 184
0, 126, 98, 173, 13, 148, 78, 107, 112
0, 91, 165, 182, 177, 65, 94, 120, 8, 43
0, 185, 50, 137, 76, 190, 79, 158, 10
0, 143, 56, 181, 103, 67, 129, 161, 22
0, 180, 28, 127, 16, 24, 93, 111, 131, 55
0, 191, 200, 32, 194, 155, 5, 84, 39, 197
0, 149, 66, 159, 150, 6, 81, 132, 145
0, 23, 179, 123, 34, 142, 53, 15
0, 12, 95, 68, 117, 141, 96, 176
0, 101, 83, 88, 38, 35, 26, 192, 72, 136, 4
0, 183, 125, 63, 188, 9, 77, 187
0, 75, 25, 147, 61, 128, 121, 89
0, 20, 82, 109, 92, 119, 138, 160, 1, 175, 29
0, 46, 44, 199, 168, 102, 62
0, 153, 146, 116, 27, 60, 64, 40
0, 113, 30, 118, 85, 164, 48, 198, 124
0, 115, 54, 42, 122, 97, 18
0, 99, 162, 58, 166, 186, 73, 135, 51, 104
